   0.000000000000e+00
   5.037783375315e-02
   1.007556675063e-01
   1.511335012594e-01
   2.015113350126e-01
   2.518891687657e-01
   3.022670025189e-01
   3.526448362720e-01
   4.030226700252e-01
   4.534005037783e-01
   5.037783375315e-01
   5.541561712846e-01
   6.045340050378e-01
   6.549118387909e-01
   7.052896725441e-01
   7.556675062972e-01
   8.060453400504e-01
   8.564231738035e-01
   9.068010075567e-01
   9.571788413098e-01
   1.007556675063e+00
   1.057934508816e+00
   1.108312342569e+00
   1.158690176322e+00
   1.209068010076e+00
   1.259445843829e+00
   1.309823677582e+00
   1.360201511335e+00
   1.410579345088e+00
   1.460957178841e+00
   1.511335012594e+00
   1.561712846348e+00
   1.612090680101e+00
   1.662468513854e+00
   1.712846347607e+00
   1.763224181360e+00
   1.813602015113e+00
   1.863979848866e+00
   1.914357682620e+00
   1.964735516373e+00
   2.015113350126e+00
   2.065491183879e+00
   2.115869017632e+00
   2.166246851385e+00
   2.216624685139e+00
   2.267002518892e+00
   2.317380352645e+00
   2.367758186398e+00
   2.418136020151e+00
   2.468513853904e+00
   2.518891687657e+00
   2.569269521411e+00
   2.619647355164e+00
   2.670025188917e+00
   2.720403022670e+00
   2.770780856423e+00
   2.821158690176e+00
   2.871536523929e+00
   2.921914357683e+00
   2.972292191436e+00
   3.022670025189e+00
   3.073047858942e+00
   3.123425692695e+00
   3.173803526448e+00
   3.224181360202e+00
   3.274559193955e+00
   3.324937027708e+00
   3.375314861461e+00
   3.425692695214e+00
   3.476070528967e+00
   3.526448362720e+00
   3.576826196474e+00
   3.627204030227e+00
   3.677581863980e+00
   3.727959697733e+00
   3.778337531486e+00
   3.828715365239e+00
   3.879093198992e+00
   3.929471032746e+00
   3.979848866499e+00
   4.030226700252e+00
   4.080604534005e+00
   4.130982367758e+00
   4.181360201511e+00
   4.231738035264e+00
   4.282115869018e+00
   4.332493702771e+00
   4.382871536524e+00
   4.433249370277e+00
   4.483627204030e+00
   4.534005037783e+00
   4.584382871537e+00
   4.634760705290e+00
   4.685138539043e+00
   4.735516372796e+00
   4.785894206549e+00
   4.836272040302e+00
   4.886649874055e+00
   4.937027707809e+00
   4.987405541562e+00
   5.037783375315e+00
   5.088161209068e+00
   5.138539042821e+00
   5.188916876574e+00
   5.239294710327e+00
   5.289672544081e+00
   5.340050377834e+00
   5.390428211587e+00
   5.440806045340e+00
   5.491183879093e+00
   5.541561712846e+00
   5.591939546599e+00
   5.642317380353e+00
   5.692695214106e+00
   5.743073047859e+00
   5.793450881612e+00
   5.843828715365e+00
   5.894206549118e+00
   5.944584382872e+00
   5.994962216625e+00
   6.045340050378e+00
   6.095717884131e+00
   6.146095717884e+00
   6.196473551637e+00
   6.246851385390e+00
   6.297229219144e+00
   6.347607052897e+00
   6.397984886650e+00
   6.448362720403e+00
   6.498740554156e+00
   6.549118387909e+00
   6.599496221662e+00
   6.649874055416e+00
   6.700251889169e+00
   6.750629722922e+00
   6.801007556675e+00
   6.851385390428e+00
   6.901763224181e+00
   6.952141057935e+00
   7.002518891688e+00
   7.052896725441e+00
   7.103274559194e+00
   7.153652392947e+00
   7.204030226700e+00
   7.254408060453e+00
   7.304785894207e+00
   7.355163727960e+00
   7.405541561713e+00
   7.455919395466e+00
   7.506297229219e+00
   7.556675062972e+00
   7.607052896725e+00
   7.657430730479e+00
   7.707808564232e+00
   7.758186397985e+00
   7.808564231738e+00
   7.858942065491e+00
   7.909319899244e+00
   7.959697732997e+00
   8.010075566751e+00
   8.060453400504e+00
   8.110831234257e+00
   8.161209068010e+00
   8.211586901763e+00
   8.261964735516e+00
   8.312342569270e+00
   8.362720403023e+00
   8.413098236776e+00
   8.463476070529e+00
   8.513853904282e+00
   8.564231738035e+00
   8.614609571788e+00
   8.664987405542e+00
   8.715365239295e+00
   8.765743073048e+00
   8.816120906801e+00
   8.866498740554e+00
   8.916876574307e+00
   8.967254408060e+00
   9.017632241814e+00
   9.068010075567e+00
   9.118387909320e+00
   9.168765743073e+00
   9.219143576826e+00
   9.269521410579e+00
   9.319899244332e+00
   9.370277078086e+00
   9.420654911839e+00
   9.471032745592e+00
   9.521410579345e+00
   9.571788413098e+00
   9.622166246851e+00
   9.672544080605e+00
   9.722921914358e+00
   9.773299748111e+00
   9.823677581864e+00
   9.874055415617e+00
   9.924433249370e+00
   9.974811083123e+00
   1.002518891688e+01
   1.007556675063e+01
   1.012594458438e+01
   1.017632241814e+01
   1.022670025189e+01
   1.027707808564e+01
   1.032745591940e+01
   1.037783375315e+01
   1.042821158690e+01
   1.047858942065e+01
   1.052896725441e+01
   1.057934508816e+01
   1.062972292191e+01
   1.068010075567e+01
   1.073047858942e+01
   1.078085642317e+01
   1.083123425693e+01
   1.088161209068e+01
   1.093198992443e+01
   1.098236775819e+01
   1.103274559194e+01
   1.108312342569e+01
   1.113350125945e+01
   1.118387909320e+01
   1.123425692695e+01
   1.128463476071e+01
   1.133501259446e+01
   1.138539042821e+01
   1.143576826196e+01
   1.148614609572e+01
   1.153652392947e+01
   1.158690176322e+01
   1.163727959698e+01
   1.168765743073e+01
   1.173803526448e+01
   1.178841309824e+01
   1.183879093199e+01
   1.188916876574e+01
   1.193954659950e+01
   1.198992443325e+01
   1.204030226700e+01
   1.209068010076e+01
   1.214105793451e+01
   1.219143576826e+01
   1.224181360202e+01
   1.229219143577e+01
   1.234256926952e+01
   1.239294710327e+01
   1.244332493703e+01
   1.249370277078e+01
   1.254408060453e+01
   1.259445843829e+01
   1.264483627204e+01
   1.269521410579e+01
   1.274559193955e+01
   1.279596977330e+01
   1.284634760705e+01
   1.289672544081e+01
   1.294710327456e+01
   1.299748110831e+01
   1.304785894207e+01
   1.309823677582e+01
   1.314861460957e+01
   1.319899244332e+01
   1.324937027708e+01
   1.329974811083e+01
   1.335012594458e+01
   1.340050377834e+01
   1.345088161209e+01
   1.350125944584e+01
   1.355163727960e+01
   1.360201511335e+01
   1.365239294710e+01
   1.370277078086e+01
   1.375314861461e+01
   1.380352644836e+01
   1.385390428212e+01
   1.390428211587e+01
   1.395465994962e+01
   1.400503778338e+01
   1.405541561713e+01
   1.410579345088e+01
   1.415617128463e+01
   1.420654911839e+01
   1.425692695214e+01
   1.430730478589e+01
   1.435768261965e+01
   1.440806045340e+01
   1.445843828715e+01
   1.450881612091e+01
   1.455919395466e+01
   1.460957178841e+01
   1.465994962217e+01
   1.471032745592e+01
   1.476070528967e+01
   1.481108312343e+01
   1.486146095718e+01
   1.491183879093e+01
   1.496221662469e+01
   1.501259445844e+01
   1.506297229219e+01
   1.511335012594e+01
   1.516372795970e+01
   1.521410579345e+01
   1.526448362720e+01
   1.531486146096e+01
   1.536523929471e+01
   1.541561712846e+01
   1.546599496222e+01
   1.551637279597e+01
   1.556675062972e+01
   1.561712846348e+01
   1.566750629723e+01
   1.571788413098e+01
   1.576826196474e+01
   1.581863979849e+01
   1.586901763224e+01
   1.591939546599e+01
   1.596977329975e+01
   1.602015113350e+01
   1.607052896725e+01
   1.612090680101e+01
   1.617128463476e+01
   1.622166246851e+01
   1.627204030227e+01
   1.632241813602e+01
   1.637279596977e+01
   1.642317380353e+01
   1.647355163728e+01
   1.652392947103e+01
   1.657430730479e+01
   1.662468513854e+01
   1.667506297229e+01
   1.672544080605e+01
   1.677581863980e+01
   1.682619647355e+01
   1.687657430730e+01
   1.692695214106e+01
   1.697732997481e+01
   1.702770780856e+01
   1.707808564232e+01
   1.712846347607e+01
   1.717884130982e+01
   1.722921914358e+01
   1.727959697733e+01
   1.732997481108e+01
   1.738035264484e+01
   1.743073047859e+01
   1.748110831234e+01
   1.753148614610e+01
   1.758186397985e+01
   1.763224181360e+01
   1.768261964736e+01
   1.773299748111e+01
   1.778337531486e+01
   1.783375314861e+01
   1.788413098237e+01
   1.793450881612e+01
   1.798488664987e+01
   1.803526448363e+01
   1.808564231738e+01
   1.813602015113e+01
   1.818639798489e+01
   1.823677581864e+01
   1.828715365239e+01
   1.833753148615e+01
   1.838790931990e+01
   1.843828715365e+01
   1.848866498741e+01
   1.853904282116e+01
   1.858942065491e+01
   1.863979848866e+01
   1.869017632242e+01
   1.874055415617e+01
   1.879093198992e+01
   1.884130982368e+01
   1.889168765743e+01
   1.894206549118e+01
   1.899244332494e+01
   1.904282115869e+01
   1.909319899244e+01
   1.914357682620e+01
   1.919395465995e+01
   1.924433249370e+01
   1.929471032746e+01
   1.934508816121e+01
   1.939546599496e+01
   1.944584382872e+01
   1.949622166247e+01
   1.954659949622e+01
   1.959697732997e+01
   1.964735516373e+01
   1.969773299748e+01
   1.974811083123e+01
   1.979848866499e+01
   1.984886649874e+01
   1.989924433249e+01
   1.994962216625e+01
   2.000000000000e+01
   2.005037783375e+01
   2.010075566751e+01
   2.015113350126e+01
   2.020151133501e+01
   2.025188916877e+01
   2.030226700252e+01
   2.035264483627e+01
   2.040302267003e+01
   2.045340050378e+01
   2.050377833753e+01
   2.055415617128e+01
   2.060453400504e+01
   2.065491183879e+01
   2.070528967254e+01
   2.075566750630e+01
   2.080604534005e+01
   2.085642317380e+01
   2.090680100756e+01
   2.095717884131e+01
   2.100755667506e+01
   2.105793450882e+01
   2.110831234257e+01
   2.115869017632e+01
   2.120906801008e+01
   2.125944584383e+01
   2.130982367758e+01
   2.136020151134e+01
   2.141057934509e+01
   2.146095717884e+01
   2.151133501259e+01
   2.156171284635e+01
   2.161209068010e+01
   2.166246851385e+01
   2.171284634761e+01
   2.176322418136e+01
   2.181360201511e+01
   2.186397984887e+01
   2.191435768262e+01
   2.196473551637e+01
   2.201511335013e+01
   2.206549118388e+01
   2.211586901763e+01
   2.216624685139e+01
   2.221662468514e+01
   2.226700251889e+01
   2.231738035264e+01
   2.236775818640e+01
   2.241813602015e+01
   2.246851385390e+01
   2.251889168766e+01
   2.256926952141e+01
   2.261964735516e+01
   2.267002518892e+01
   2.272040302267e+01
   2.277078085642e+01
   2.282115869018e+01
   2.287153652393e+01
   2.292191435768e+01
   2.297229219144e+01
   2.302267002519e+01
   2.307304785894e+01
   2.312342569270e+01
   2.317380352645e+01
   2.322418136020e+01
   2.327455919395e+01
   2.332493702771e+01
   2.337531486146e+01
   2.342569269521e+01
   2.347607052897e+01
   2.352644836272e+01
   2.357682619647e+01
   2.362720403023e+01
   2.367758186398e+01
   2.372795969773e+01
   2.377833753149e+01
   2.382871536524e+01
   2.387909319899e+01
   2.392947103275e+01
   2.397984886650e+01
   2.403022670025e+01
   2.408060453401e+01
   2.413098236776e+01
   2.418136020151e+01
   2.423173803526e+01
   2.428211586902e+01
   2.433249370277e+01
   2.438287153652e+01
   2.443324937028e+01
   2.448362720403e+01
   2.453400503778e+01
   2.458438287154e+01
   2.463476070529e+01
   2.468513853904e+01
   2.473551637280e+01
   2.478589420655e+01
   2.483627204030e+01
   2.488664987406e+01
   2.493702770781e+01
   2.498740554156e+01
   2.503778337531e+01
   2.508816120907e+01
   2.513853904282e+01
   2.518891687657e+01
   2.523929471033e+01
   2.528967254408e+01
   2.534005037783e+01
   2.539042821159e+01
   2.544080604534e+01
   2.549118387909e+01
   2.554156171285e+01
   2.559193954660e+01
   2.564231738035e+01
   2.569269521411e+01
   2.574307304786e+01
   2.579345088161e+01
   2.584382871537e+01
   2.589420654912e+01
   2.594458438287e+01
   2.599496221662e+01
   2.604534005038e+01
   2.609571788413e+01
   2.614609571788e+01
   2.619647355164e+01
   2.624685138539e+01
   2.629722921914e+01
   2.634760705290e+01
   2.639798488665e+01
   2.644836272040e+01
   2.649874055416e+01
   2.654911838791e+01
   2.659949622166e+01
   2.664987405542e+01
   2.670025188917e+01
   2.675062972292e+01
   2.680100755668e+01
   2.685138539043e+01
   2.690176322418e+01
   2.695214105793e+01
   2.700251889169e+01
   2.705289672544e+01
   2.710327455919e+01
   2.715365239295e+01
   2.720403022670e+01
   2.725440806045e+01
   2.730478589421e+01
   2.735516372796e+01
   2.740554156171e+01
   2.745591939547e+01
   2.750629722922e+01
   2.755667506297e+01
   2.760705289673e+01
   2.765743073048e+01
   2.770780856423e+01
   2.775818639798e+01
   2.780856423174e+01
   2.785894206549e+01
   2.790931989924e+01
   2.795969773300e+01
   2.801007556675e+01
   2.806045340050e+01
   2.811083123426e+01
   2.816120906801e+01
   2.821158690176e+01
   2.826196473552e+01
   2.831234256927e+01
   2.836272040302e+01
   2.841309823678e+01
   2.846347607053e+01
   2.851385390428e+01
   2.856423173804e+01
   2.861460957179e+01
   2.866498740554e+01
   2.871536523929e+01
   2.876574307305e+01
   2.881612090680e+01
   2.886649874055e+01
   2.891687657431e+01
   2.896725440806e+01
   2.901763224181e+01
   2.906801007557e+01
   2.911838790932e+01
   2.916876574307e+01
   2.921914357683e+01
   2.926952141058e+01
   2.931989924433e+01
   2.937027707809e+01
   2.942065491184e+01
   2.947103274559e+01
   2.952141057935e+01
   2.957178841310e+01
   2.962216624685e+01
   2.967254408060e+01
   2.972292191436e+01
   2.977329974811e+01
   2.982367758186e+01
   2.987405541562e+01
   2.992443324937e+01
   2.997481108312e+01
   3.002518891688e+01
   3.007556675063e+01
   3.012594458438e+01
   3.017632241814e+01
   3.022670025189e+01
   3.027707808564e+01
   3.032745591940e+01
   3.037783375315e+01
   3.042821158690e+01
   3.047858942065e+01
   3.052896725441e+01
   3.057934508816e+01
   3.062972292191e+01
   3.068010075567e+01
   3.073047858942e+01
   3.078085642317e+01
   3.083123425693e+01
   3.088161209068e+01
   3.093198992443e+01
   3.098236775819e+01
   3.103274559194e+01
   3.108312342569e+01
   3.113350125945e+01
   3.118387909320e+01
   3.123425692695e+01
   3.128463476071e+01
   3.133501259446e+01
   3.138539042821e+01
   3.143576826196e+01
   3.148614609572e+01
   3.153652392947e+01
   3.158690176322e+01
   3.163727959698e+01
   3.168765743073e+01
   3.173803526448e+01
   3.178841309824e+01
   3.183879093199e+01
   3.188916876574e+01
   3.193954659950e+01
   3.198992443325e+01
   3.204030226700e+01
   3.209068010076e+01
   3.214105793451e+01
   3.219143576826e+01
   3.224181360202e+01
   3.229219143577e+01
   3.234256926952e+01
   3.239294710327e+01
   3.244332493703e+01
   3.249370277078e+01
   3.254408060453e+01
   3.259445843829e+01
   3.264483627204e+01
   3.269521410579e+01
   3.274559193955e+01
   3.279596977330e+01
   3.284634760705e+01
   3.289672544081e+01
   3.294710327456e+01
   3.299748110831e+01
   3.304785894207e+01
   3.309823677582e+01
   3.314861460957e+01
   3.319899244332e+01
   3.324937027708e+01
   3.329974811083e+01
   3.335012594458e+01
   3.340050377834e+01
   3.345088161209e+01
   3.350125944584e+01
   3.355163727960e+01
   3.360201511335e+01
   3.365239294710e+01
   3.370277078086e+01
   3.375314861461e+01
   3.380352644836e+01
   3.385390428212e+01
   3.390428211587e+01
   3.395465994962e+01
   3.400503778338e+01
   3.405541561713e+01
   3.410579345088e+01
   3.415617128463e+01
   3.420654911839e+01
   3.425692695214e+01
   3.430730478589e+01
   3.435768261965e+01
   3.440806045340e+01
   3.445843828715e+01
   3.450881612091e+01
   3.455919395466e+01
   3.460957178841e+01
   3.465994962217e+01
   3.471032745592e+01
   3.476070528967e+01
   3.481108312343e+01
   3.486146095718e+01
   3.491183879093e+01
   3.496221662469e+01
   3.501259445844e+01
   3.506297229219e+01
   3.511335012594e+01
   3.516372795970e+01
   3.521410579345e+01
   3.526448362720e+01
   3.531486146096e+01
   3.536523929471e+01
   3.541561712846e+01
   3.546599496222e+01
   3.551637279597e+01
   3.556675062972e+01
   3.561712846348e+01
   3.566750629723e+01
   3.571788413098e+01
   3.576826196474e+01
   3.581863979849e+01
   3.586901763224e+01
   3.591939546599e+01
   3.596977329975e+01
   3.602015113350e+01
   3.607052896725e+01
   3.612090680101e+01
   3.617128463476e+01
   3.622166246851e+01
   3.627204030227e+01
   3.632241813602e+01
   3.637279596977e+01
   3.642317380353e+01
   3.647355163728e+01
   3.652392947103e+01
   3.657430730479e+01
   3.662468513854e+01
   3.667506297229e+01
   3.672544080605e+01
   3.677581863980e+01
   3.682619647355e+01
   3.687657430730e+01
   3.692695214106e+01
   3.697732997481e+01
   3.702770780856e+01
   3.707808564232e+01
   3.712846347607e+01
   3.717884130982e+01
   3.722921914358e+01
   3.727959697733e+01
   3.732997481108e+01
   3.738035264484e+01
   3.743073047859e+01
   3.748110831234e+01
   3.753148614610e+01
   3.758186397985e+01
   3.763224181360e+01
   3.768261964736e+01
   3.773299748111e+01
   3.778337531486e+01
   3.783375314861e+01
   3.788413098237e+01
   3.793450881612e+01
   3.798488664987e+01
   3.803526448363e+01
   3.808564231738e+01
   3.813602015113e+01
   3.818639798489e+01
   3.823677581864e+01
   3.828715365239e+01
   3.833753148615e+01
   3.838790931990e+01
   3.843828715365e+01
   3.848866498741e+01
   3.853904282116e+01
   3.858942065491e+01
   3.863979848866e+01
   3.869017632242e+01
   3.874055415617e+01
   3.879093198992e+01
   3.884130982368e+01
   3.889168765743e+01
   3.894206549118e+01
   3.899244332494e+01
   3.904282115869e+01
   3.909319899244e+01
   3.914357682620e+01
   3.919395465995e+01
   3.924433249370e+01
   3.929471032746e+01
   3.934508816121e+01
   3.939546599496e+01
   3.944584382872e+01
   3.949622166247e+01
   3.954659949622e+01
   3.959697732997e+01
   3.964735516373e+01
   3.969773299748e+01
   3.974811083123e+01
   3.979848866499e+01
   3.984886649874e+01
   3.989924433249e+01
   3.994962216625e+01
   4.000000000000e+01
   4.005037783375e+01
   4.010075566751e+01
   4.015113350126e+01
   4.020151133501e+01
   4.025188916877e+01
   4.030226700252e+01
   4.035264483627e+01
   4.040302267003e+01
   4.045340050378e+01
   4.050377833753e+01
   4.055415617128e+01
   4.060453400504e+01
   4.065491183879e+01
   4.070528967254e+01
   4.075566750630e+01
   4.080604534005e+01
   4.085642317380e+01
   4.090680100756e+01
   4.095717884131e+01
   4.100755667506e+01
   4.105793450882e+01
   4.110831234257e+01
   4.115869017632e+01
   4.120906801008e+01
   4.125944584383e+01
   4.130982367758e+01
   4.136020151134e+01
   4.141057934509e+01
   4.146095717884e+01
   4.151133501259e+01
   4.156171284635e+01
   4.161209068010e+01
   4.166246851385e+01
   4.171284634761e+01
   4.176322418136e+01
   4.181360201511e+01
   4.186397984887e+01
   4.191435768262e+01
   4.196473551637e+01
   4.201511335013e+01
   4.206549118388e+01
   4.211586901763e+01
   4.216624685139e+01
   4.221662468514e+01
   4.226700251889e+01
   4.231738035264e+01
   4.236775818640e+01
   4.241813602015e+01
   4.246851385390e+01
   4.251889168766e+01
   4.256926952141e+01
   4.261964735516e+01
   4.267002518892e+01
   4.272040302267e+01
   4.277078085642e+01
   4.282115869018e+01
   4.287153652393e+01
   4.292191435768e+01
   4.297229219144e+01
   4.302267002519e+01
   4.307304785894e+01
   4.312342569270e+01
   4.317380352645e+01
   4.322418136020e+01
   4.327455919395e+01
   4.332493702771e+01
   4.337531486146e+01
   4.342569269521e+01
   4.347607052897e+01
   4.352644836272e+01
   4.357682619647e+01
   4.362720403023e+01
   4.367758186398e+01
   4.372795969773e+01
   4.377833753149e+01
   4.382871536524e+01
   4.387909319899e+01
   4.392947103275e+01
   4.397984886650e+01
   4.403022670025e+01
   4.408060453401e+01
   4.413098236776e+01
   4.418136020151e+01
   4.423173803526e+01
   4.428211586902e+01
   4.433249370277e+01
   4.438287153652e+01
   4.443324937028e+01
   4.448362720403e+01
   4.453400503778e+01
   4.458438287154e+01
   4.463476070529e+01
   4.468513853904e+01
   4.473551637280e+01
   4.478589420655e+01
   4.483627204030e+01
   4.488664987406e+01
   4.493702770781e+01
   4.498740554156e+01
   4.503778337531e+01
   4.508816120907e+01
   4.513853904282e+01
   4.518891687657e+01
   4.523929471033e+01
   4.528967254408e+01
   4.534005037783e+01
   4.539042821159e+01
   4.544080604534e+01
   4.549118387909e+01
   4.554156171285e+01
   4.559193954660e+01
   4.564231738035e+01
   4.569269521411e+01
   4.574307304786e+01
   4.579345088161e+01
   4.584382871537e+01
   4.589420654912e+01
   4.594458438287e+01
   4.599496221662e+01
   4.604534005038e+01
   4.609571788413e+01
   4.614609571788e+01
   4.619647355164e+01
   4.624685138539e+01
   4.629722921914e+01
   4.634760705290e+01
   4.639798488665e+01
   4.644836272040e+01
   4.649874055416e+01
   4.654911838791e+01
   4.659949622166e+01
   4.664987405542e+01
   4.670025188917e+01
   4.675062972292e+01
   4.680100755668e+01
   4.685138539043e+01
   4.690176322418e+01
   4.695214105793e+01
   4.700251889169e+01
   4.705289672544e+01
   4.710327455919e+01
   4.715365239295e+01
   4.720403022670e+01
   4.725440806045e+01
   4.730478589421e+01
   4.735516372796e+01
   4.740554156171e+01
   4.745591939547e+01
   4.750629722922e+01
   4.755667506297e+01
   4.760705289673e+01
   4.765743073048e+01
   4.770780856423e+01
   4.775818639798e+01
   4.780856423174e+01
   4.785894206549e+01
   4.790931989924e+01
   4.795969773300e+01
   4.801007556675e+01
   4.806045340050e+01
   4.811083123426e+01
   4.816120906801e+01
   4.821158690176e+01
   4.826196473552e+01
   4.831234256927e+01
   4.836272040302e+01
   4.841309823678e+01
   4.846347607053e+01
   4.851385390428e+01
   4.856423173804e+01
   4.861460957179e+01
   4.866498740554e+01
   4.871536523929e+01
   4.876574307305e+01
   4.881612090680e+01
   4.886649874055e+01
   4.891687657431e+01
   4.896725440806e+01
   4.901763224181e+01
   4.906801007557e+01
   4.911838790932e+01
   4.916876574307e+01
   4.921914357683e+01
   4.926952141058e+01
   4.931989924433e+01
   4.937027707809e+01
   4.942065491184e+01
   4.947103274559e+01
   4.952141057935e+01
   4.957178841310e+01
   4.962216624685e+01
   4.967254408060e+01
   4.972292191436e+01
   4.977329974811e+01
   4.982367758186e+01
   4.987405541562e+01
   4.992443324937e+01
   4.997481108312e+01
   5.002518891688e+01
   5.007556675063e+01
   5.012594458438e+01
   5.017632241814e+01
   5.022670025189e+01
   5.027707808564e+01
   5.032745591940e+01
   5.037783375315e+01
   5.042821158690e+01
   5.047858942065e+01
   5.052896725441e+01
   5.057934508816e+01
   5.062972292191e+01
   5.068010075567e+01
   5.073047858942e+01
   5.078085642317e+01
   5.083123425693e+01
   5.088161209068e+01
   5.093198992443e+01
   5.098236775819e+01
   5.103274559194e+01
   5.108312342569e+01
   5.113350125945e+01
   5.118387909320e+01
   5.123425692695e+01
   5.128463476071e+01
   5.133501259446e+01
   5.138539042821e+01
   5.143576826196e+01
   5.148614609572e+01
   5.153652392947e+01
   5.158690176322e+01
   5.163727959698e+01
   5.168765743073e+01
   5.173803526448e+01
   5.178841309824e+01
   5.183879093199e+01
   5.188916876574e+01
   5.193954659950e+01
   5.198992443325e+01
   5.204030226700e+01
   5.209068010076e+01
   5.214105793451e+01
   5.219143576826e+01
   5.224181360202e+01
   5.229219143577e+01
   5.234256926952e+01
   5.239294710327e+01
   5.244332493703e+01
   5.249370277078e+01
   5.254408060453e+01
   5.259445843829e+01
   5.264483627204e+01
   5.269521410579e+01
   5.274559193955e+01
   5.279596977330e+01
   5.284634760705e+01
   5.289672544081e+01
   5.294710327456e+01
   5.299748110831e+01
   5.304785894207e+01
   5.309823677582e+01
   5.314861460957e+01
   5.319899244332e+01
   5.324937027708e+01
   5.329974811083e+01
   5.335012594458e+01
   5.340050377834e+01
   5.345088161209e+01
   5.350125944584e+01
   5.355163727960e+01
   5.360201511335e+01
   5.365239294710e+01
   5.370277078086e+01
   5.375314861461e+01
   5.380352644836e+01
   5.385390428212e+01
   5.390428211587e+01
   5.395465994962e+01
   5.400503778338e+01
   5.405541561713e+01
   5.410579345088e+01
   5.415617128463e+01
   5.420654911839e+01
   5.425692695214e+01
   5.430730478589e+01
   5.435768261965e+01
   5.440806045340e+01
   5.445843828715e+01
   5.450881612091e+01
   5.455919395466e+01
   5.460957178841e+01
   5.465994962217e+01
   5.471032745592e+01
   5.476070528967e+01
   5.481108312343e+01
   5.486146095718e+01
   5.491183879093e+01
   5.496221662469e+01
   5.501259445844e+01
   5.506297229219e+01
   5.511335012594e+01
   5.516372795970e+01
   5.521410579345e+01
   5.526448362720e+01
   5.531486146096e+01
   5.536523929471e+01
   5.541561712846e+01
   5.546599496222e+01
   5.551637279597e+01
   5.556675062972e+01
   5.561712846348e+01
   5.566750629723e+01
   5.571788413098e+01
   5.576826196474e+01
   5.581863979849e+01
   5.586901763224e+01
   5.591939546599e+01
   5.596977329975e+01
   5.602015113350e+01
   5.607052896725e+01
   5.612090680101e+01
   5.617128463476e+01
   5.622166246851e+01
   5.627204030227e+01
   5.632241813602e+01
   5.637279596977e+01
   5.642317380353e+01
   5.647355163728e+01
   5.652392947103e+01
   5.657430730479e+01
   5.662468513854e+01
   5.667506297229e+01
   5.672544080605e+01
   5.677581863980e+01
   5.682619647355e+01
   5.687657430730e+01
   5.692695214106e+01
   5.697732997481e+01
   5.702770780856e+01
   5.707808564232e+01
   5.712846347607e+01
   5.717884130982e+01
   5.722921914358e+01
   5.727959697733e+01
   5.732997481108e+01
   5.738035264484e+01
   5.743073047859e+01
   5.748110831234e+01
   5.753148614610e+01
   5.758186397985e+01
   5.763224181360e+01
   5.768261964736e+01
   5.773299748111e+01
   5.778337531486e+01
   5.783375314861e+01
   5.788413098237e+01
   5.793450881612e+01
   5.798488664987e+01
   5.803526448363e+01
   5.808564231738e+01
   5.813602015113e+01
   5.818639798489e+01
   5.823677581864e+01
   5.828715365239e+01
   5.833753148615e+01
   5.838790931990e+01
   5.843828715365e+01
   5.848866498741e+01
   5.853904282116e+01
   5.858942065491e+01
   5.863979848866e+01
   5.869017632242e+01
   5.874055415617e+01
   5.879093198992e+01
   5.884130982368e+01
   5.889168765743e+01
   5.894206549118e+01
   5.899244332494e+01
   5.904282115869e+01
   5.909319899244e+01
   5.914357682620e+01
   5.919395465995e+01
   5.924433249370e+01
   5.929471032746e+01
   5.934508816121e+01
   5.939546599496e+01
   5.944584382872e+01
   5.949622166247e+01
   5.954659949622e+01
   5.959697732997e+01
   5.964735516373e+01
   5.969773299748e+01
   5.974811083123e+01
   5.979848866499e+01
   5.984886649874e+01
   5.989924433249e+01
   5.994962216625e+01
   6.000000000000e+01
   6.005037783375e+01
   6.010075566751e+01
   6.015113350126e+01
   6.020151133501e+01
   6.025188916877e+01
   6.030226700252e+01
   6.035264483627e+01
   6.040302267003e+01
   6.045340050378e+01
   6.050377833753e+01
   6.055415617128e+01
   6.060453400504e+01
   6.065491183879e+01
   6.070528967254e+01
   6.075566750630e+01
   6.080604534005e+01
   6.085642317380e+01
   6.090680100756e+01
   6.095717884131e+01
   6.100755667506e+01
   6.105793450882e+01
   6.110831234257e+01
   6.115869017632e+01
   6.120906801008e+01
   6.125944584383e+01
   6.130982367758e+01
   6.136020151134e+01
   6.141057934509e+01
   6.146095717884e+01
   6.151133501259e+01
   6.156171284635e+01
   6.161209068010e+01
   6.166246851385e+01
   6.171284634761e+01
   6.176322418136e+01
   6.181360201511e+01
   6.186397984887e+01
   6.191435768262e+01
   6.196473551637e+01
   6.201511335013e+01
   6.206549118388e+01
   6.211586901763e+01
   6.216624685139e+01
   6.221662468514e+01
   6.226700251889e+01
   6.231738035264e+01
   6.236775818640e+01
   6.241813602015e+01
   6.246851385390e+01
   6.251889168766e+01
   6.256926952141e+01
   6.261964735516e+01
   6.267002518892e+01
   6.272040302267e+01
   6.277078085642e+01
   6.282115869018e+01
   6.287153652393e+01
   6.292191435768e+01
   6.297229219144e+01
   6.302267002519e+01
   6.307304785894e+01
   6.312342569270e+01
   6.317380352645e+01
   6.322418136020e+01
   6.327455919395e+01
   6.332493702771e+01
   6.337531486146e+01
   6.342569269521e+01
   6.347607052897e+01
   6.352644836272e+01
   6.357682619647e+01
   6.362720403023e+01
   6.367758186398e+01
   6.372795969773e+01
   6.377833753149e+01
   6.382871536524e+01
   6.387909319899e+01
   6.392947103275e+01
   6.397984886650e+01
   6.403022670025e+01
   6.408060453401e+01
   6.413098236776e+01
   6.418136020151e+01
   6.423173803526e+01
   6.428211586902e+01
   6.433249370277e+01
   6.438287153652e+01
   6.443324937028e+01
   6.448362720403e+01
   6.453400503778e+01
   6.458438287154e+01
   6.463476070529e+01
   6.468513853904e+01
   6.473551637280e+01
   6.478589420655e+01
   6.483627204030e+01
   6.488664987406e+01
   6.493702770781e+01
   6.498740554156e+01
   6.503778337531e+01
   6.508816120907e+01
   6.513853904282e+01
   6.518891687657e+01
   6.523929471033e+01
   6.528967254408e+01
   6.534005037783e+01
   6.539042821159e+01
   6.544080604534e+01
   6.549118387909e+01
   6.554156171285e+01
   6.559193954660e+01
   6.564231738035e+01
   6.569269521411e+01
   6.574307304786e+01
   6.579345088161e+01
   6.584382871537e+01
   6.589420654912e+01
   6.594458438287e+01
   6.599496221662e+01
   6.604534005038e+01
   6.609571788413e+01
   6.614609571788e+01
   6.619647355164e+01
   6.624685138539e+01
   6.629722921914e+01
   6.634760705290e+01
   6.639798488665e+01
   6.644836272040e+01
   6.649874055416e+01
   6.654911838791e+01
   6.659949622166e+01
   6.664987405542e+01
   6.670025188917e+01
   6.675062972292e+01
   6.680100755668e+01
   6.685138539043e+01
   6.690176322418e+01
   6.695214105793e+01
   6.700251889169e+01
   6.705289672544e+01
   6.710327455919e+01
   6.715365239295e+01
   6.720403022670e+01
   6.725440806045e+01
   6.730478589421e+01
   6.735516372796e+01
   6.740554156171e+01
   6.745591939547e+01
   6.750629722922e+01
   6.755667506297e+01
   6.760705289673e+01
   6.765743073048e+01
   6.770780856423e+01
   6.775818639798e+01
   6.780856423174e+01
   6.785894206549e+01
   6.790931989924e+01
   6.795969773300e+01
   6.801007556675e+01
   6.806045340050e+01
   6.811083123426e+01
   6.816120906801e+01
   6.821158690176e+01
   6.826196473552e+01
   6.831234256927e+01
   6.836272040302e+01
   6.841309823678e+01
   6.846347607053e+01
   6.851385390428e+01
   6.856423173804e+01
   6.861460957179e+01
   6.866498740554e+01
   6.871536523929e+01
   6.876574307305e+01
   6.881612090680e+01
   6.886649874055e+01
   6.891687657431e+01
   6.896725440806e+01
   6.901763224181e+01
   6.906801007557e+01
   6.911838790932e+01
   6.916876574307e+01
   6.921914357683e+01
   6.926952141058e+01
   6.931989924433e+01
   6.937027707809e+01
   6.942065491184e+01
   6.947103274559e+01
   6.952141057935e+01
   6.957178841310e+01
   6.962216624685e+01
   6.967254408060e+01
   6.972292191436e+01
   6.977329974811e+01
   6.982367758186e+01
   6.987405541562e+01
   6.992443324937e+01
   6.997481108312e+01
   7.002518891688e+01
   7.007556675063e+01
   7.012594458438e+01
   7.017632241814e+01
   7.022670025189e+01
   7.027707808564e+01
   7.032745591940e+01
   7.037783375315e+01
   7.042821158690e+01
   7.047858942065e+01
   7.052896725441e+01
   7.057934508816e+01
   7.062972292191e+01
   7.068010075567e+01
   7.073047858942e+01
   7.078085642317e+01
   7.083123425693e+01
   7.088161209068e+01
   7.093198992443e+01
   7.098236775819e+01
   7.103274559194e+01
   7.108312342569e+01
   7.113350125945e+01
   7.118387909320e+01
   7.123425692695e+01
   7.128463476071e+01
   7.133501259446e+01
   7.138539042821e+01
   7.143576826196e+01
   7.148614609572e+01
   7.153652392947e+01
   7.158690176322e+01
   7.163727959698e+01
   7.168765743073e+01
   7.173803526448e+01
   7.178841309824e+01
   7.183879093199e+01
   7.188916876574e+01
   7.193954659950e+01
   7.198992443325e+01
   7.204030226700e+01
   7.209068010076e+01
   7.214105793451e+01
   7.219143576826e+01
   7.224181360202e+01
   7.229219143577e+01
   7.234256926952e+01
   7.239294710327e+01
   7.244332493703e+01
   7.249370277078e+01
   7.254408060453e+01
   7.259445843829e+01
   7.264483627204e+01
   7.269521410579e+01
   7.274559193955e+01
   7.279596977330e+01
   7.284634760705e+01
   7.289672544081e+01
   7.294710327456e+01
   7.299748110831e+01
   7.304785894207e+01
   7.309823677582e+01
   7.314861460957e+01
   7.319899244332e+01
   7.324937027708e+01
   7.329974811083e+01
   7.335012594458e+01
   7.340050377834e+01
   7.345088161209e+01
   7.350125944584e+01
   7.355163727960e+01
   7.360201511335e+01
   7.365239294710e+01
   7.370277078086e+01
   7.375314861461e+01
   7.380352644836e+01
   7.385390428212e+01
   7.390428211587e+01
   7.395465994962e+01
   7.400503778338e+01
   7.405541561713e+01
   7.410579345088e+01
   7.415617128463e+01
   7.420654911839e+01
   7.425692695214e+01
   7.430730478589e+01
   7.435768261965e+01
   7.440806045340e+01
   7.445843828715e+01
   7.450881612091e+01
   7.455919395466e+01
   7.460957178841e+01
   7.465994962217e+01
   7.471032745592e+01
   7.476070528967e+01
   7.481108312343e+01
   7.486146095718e+01
   7.491183879093e+01
   7.496221662469e+01
   7.501259445844e+01
   7.506297229219e+01
   7.511335012594e+01
   7.516372795970e+01
   7.521410579345e+01
   7.526448362720e+01
   7.531486146096e+01
   7.536523929471e+01
   7.541561712846e+01
   7.546599496222e+01
   7.551637279597e+01
   7.556675062972e+01
   7.561712846348e+01
   7.566750629723e+01
   7.571788413098e+01
   7.576826196474e+01
   7.581863979849e+01
   7.586901763224e+01
   7.591939546599e+01
   7.596977329975e+01
   7.602015113350e+01
   7.607052896725e+01
   7.612090680101e+01
   7.617128463476e+01
   7.622166246851e+01
   7.627204030227e+01
   7.632241813602e+01
   7.637279596977e+01
   7.642317380353e+01
   7.647355163728e+01
   7.652392947103e+01
   7.657430730479e+01
   7.662468513854e+01
   7.667506297229e+01
   7.672544080605e+01
   7.677581863980e+01
   7.682619647355e+01
   7.687657430730e+01
   7.692695214106e+01
   7.697732997481e+01
   7.702770780856e+01
   7.707808564232e+01
   7.712846347607e+01
   7.717884130982e+01
   7.722921914358e+01
   7.727959697733e+01
   7.732997481108e+01
   7.738035264484e+01
   7.743073047859e+01
   7.748110831234e+01
   7.753148614610e+01
   7.758186397985e+01
   7.763224181360e+01
   7.768261964736e+01
   7.773299748111e+01
   7.778337531486e+01
   7.783375314861e+01
   7.788413098237e+01
   7.793450881612e+01
   7.798488664987e+01
   7.803526448363e+01
   7.808564231738e+01
   7.813602015113e+01
   7.818639798489e+01
   7.823677581864e+01
   7.828715365239e+01
   7.833753148615e+01
   7.838790931990e+01
   7.843828715365e+01
   7.848866498741e+01
   7.853904282116e+01
   7.858942065491e+01
   7.863979848866e+01
   7.869017632242e+01
   7.874055415617e+01
   7.879093198992e+01
   7.884130982368e+01
   7.889168765743e+01
   7.894206549118e+01
   7.899244332494e+01
   7.904282115869e+01
   7.909319899244e+01
   7.914357682620e+01
   7.919395465995e+01
   7.924433249370e+01
   7.929471032746e+01
   7.934508816121e+01
   7.939546599496e+01
   7.944584382872e+01
   7.949622166247e+01
   7.954659949622e+01
   7.959697732997e+01
   7.964735516373e+01
   7.969773299748e+01
   7.974811083123e+01
   7.979848866499e+01
   7.984886649874e+01
   7.989924433249e+01
   7.994962216625e+01
   8.000000000000e+01
