   0.000000000000e+00
   5.018587360595e-02
   1.003717472119e-01
   1.505576208178e-01
   2.007434944238e-01
   2.509293680297e-01
   3.011152416357e-01
   3.513011152416e-01
   4.014869888476e-01
   4.516728624535e-01
   5.018587360595e-01
   5.520446096654e-01
   6.022304832714e-01
   6.524163568773e-01
   7.026022304833e-01
   7.527881040892e-01
   8.029739776952e-01
   8.531598513011e-01
   9.033457249071e-01
   9.535315985130e-01
   1.003717472119e+00
   1.053903345725e+00
   1.104089219331e+00
   1.154275092937e+00
   1.204460966543e+00
   1.254646840149e+00
   1.304832713755e+00
   1.355018587361e+00
   1.405204460967e+00
   1.455390334572e+00
   1.505576208178e+00
   1.555762081784e+00
   1.605947955390e+00
   1.656133828996e+00
   1.706319702602e+00
   1.756505576208e+00
   1.806691449814e+00
   1.856877323420e+00
   1.907063197026e+00
   1.957249070632e+00
   2.007434944238e+00
   2.057620817844e+00
   2.107806691450e+00
   2.157992565056e+00
   2.208178438662e+00
   2.258364312268e+00
   2.308550185874e+00
   2.358736059480e+00
   2.408921933086e+00
   2.459107806691e+00
   2.509293680297e+00
   2.559479553903e+00
   2.609665427509e+00
   2.659851301115e+00
   2.710037174721e+00
   2.760223048327e+00
   2.810408921933e+00
   2.860594795539e+00
   2.910780669145e+00
   2.960966542751e+00
   3.011152416357e+00
   3.061338289963e+00
   3.111524163569e+00
   3.161710037175e+00
   3.211895910781e+00
   3.262081784387e+00
   3.312267657993e+00
   3.362453531599e+00
   3.412639405204e+00
   3.462825278810e+00
   3.513011152416e+00
   3.563197026022e+00
   3.613382899628e+00
   3.663568773234e+00
   3.713754646840e+00
   3.763940520446e+00
   3.814126394052e+00
   3.864312267658e+00
   3.914498141264e+00
   3.964684014870e+00
   4.014869888476e+00
   4.065055762082e+00
   4.115241635688e+00
   4.165427509294e+00
   4.215613382900e+00
   4.265799256506e+00
   4.315985130112e+00
   4.366171003717e+00
   4.416356877323e+00
   4.466542750929e+00
   4.516728624535e+00
   4.566914498141e+00
   4.617100371747e+00
   4.667286245353e+00
   4.717472118959e+00
   4.767657992565e+00
   4.817843866171e+00
   4.868029739777e+00
   4.918215613383e+00
   4.968401486989e+00
   5.018587360595e+00
   5.068773234201e+00
   5.118959107807e+00
   5.169144981413e+00
   5.219330855019e+00
   5.269516728625e+00
   5.319702602230e+00
   5.369888475836e+00
   5.420074349442e+00
   5.470260223048e+00
   5.520446096654e+00
   5.570631970260e+00
   5.620817843866e+00
   5.671003717472e+00
   5.721189591078e+00
   5.771375464684e+00
   5.821561338290e+00
   5.871747211896e+00
   5.921933085502e+00
   5.972118959108e+00
   6.022304832714e+00
   6.072490706320e+00
   6.122676579926e+00
   6.172862453532e+00
   6.223048327138e+00
   6.273234200743e+00
   6.323420074349e+00
   6.373605947955e+00
   6.423791821561e+00
   6.473977695167e+00
   6.524163568773e+00
   6.574349442379e+00
   6.624535315985e+00
   6.674721189591e+00
   6.724907063197e+00
   6.775092936803e+00
   6.825278810409e+00
   6.875464684015e+00
   6.925650557621e+00
   6.975836431227e+00
   7.026022304833e+00
   7.076208178439e+00
   7.126394052045e+00
   7.176579925651e+00
   7.226765799257e+00
   7.276951672862e+00
   7.327137546468e+00
   7.377323420074e+00
   7.427509293680e+00
   7.477695167286e+00
   7.527881040892e+00
   7.578066914498e+00
   7.628252788104e+00
   7.678438661710e+00
   7.728624535316e+00
   7.778810408922e+00
   7.828996282528e+00
   7.879182156134e+00
   7.929368029740e+00
   7.979553903346e+00
   8.029739776952e+00
   8.079925650558e+00
   8.130111524164e+00
   8.180297397770e+00
   8.230483271375e+00
   8.280669144981e+00
   8.330855018587e+00
   8.381040892193e+00
   8.431226765799e+00
   8.481412639405e+00
   8.531598513011e+00
   8.581784386617e+00
   8.631970260223e+00
   8.682156133829e+00
   8.732342007435e+00
   8.782527881041e+00
   8.832713754647e+00
   8.882899628253e+00
   8.933085501859e+00
   8.983271375465e+00
   9.033457249071e+00
   9.083643122677e+00
   9.133828996283e+00
   9.184014869888e+00
   9.234200743494e+00
   9.284386617100e+00
   9.334572490706e+00
   9.384758364312e+00
   9.434944237918e+00
   9.485130111524e+00
   9.535315985130e+00
   9.585501858736e+00
   9.635687732342e+00
   9.685873605948e+00
   9.736059479554e+00
   9.786245353160e+00
   9.836431226766e+00
   9.886617100372e+00
   9.936802973978e+00
   9.986988847584e+00
   1.003717472119e+01
   1.008736059480e+01
   1.013754646840e+01
   1.018773234201e+01
   1.023791821561e+01
   1.028810408922e+01
   1.033828996283e+01
   1.038847583643e+01
   1.043866171004e+01
   1.048884758364e+01
   1.053903345725e+01
   1.058921933086e+01
   1.063940520446e+01
   1.068959107807e+01
   1.073977695167e+01
   1.078996282528e+01
   1.084014869888e+01
   1.089033457249e+01
   1.094052044610e+01
   1.099070631970e+01
   1.104089219331e+01
   1.109107806691e+01
   1.114126394052e+01
   1.119144981413e+01
   1.124163568773e+01
   1.129182156134e+01
   1.134200743494e+01
   1.139219330855e+01
   1.144237918216e+01
   1.149256505576e+01
   1.154275092937e+01
   1.159293680297e+01
   1.164312267658e+01
   1.169330855019e+01
   1.174349442379e+01
   1.179368029740e+01
   1.184386617100e+01
   1.189405204461e+01
   1.194423791822e+01
   1.199442379182e+01
   1.204460966543e+01
   1.209479553903e+01
   1.214498141264e+01
   1.219516728625e+01
   1.224535315985e+01
   1.229553903346e+01
   1.234572490706e+01
   1.239591078067e+01
   1.244609665428e+01
   1.249628252788e+01
   1.254646840149e+01
   1.259665427509e+01
   1.264684014870e+01
   1.269702602230e+01
   1.274721189591e+01
   1.279739776952e+01
   1.284758364312e+01
   1.289776951673e+01
   1.294795539033e+01
   1.299814126394e+01
   1.304832713755e+01
   1.309851301115e+01
   1.314869888476e+01
   1.319888475836e+01
   1.324907063197e+01
   1.329925650558e+01
   1.334944237918e+01
   1.339962825279e+01
   1.344981412639e+01
   1.350000000000e+01
