   0.000000000000e+00
   1.010638297872e-01
   2.021276595745e-01
   3.031914893617e-01
   4.042553191489e-01
   5.053191489362e-01
   6.063829787234e-01
   7.074468085106e-01
   8.085106382979e-01
   9.095744680851e-01
   1.010638297872e+00
   1.111702127660e+00
   1.212765957447e+00
   1.313829787234e+00
   1.414893617021e+00
   1.515957446809e+00
   1.617021276596e+00
   1.718085106383e+00
   1.819148936170e+00
   1.920212765957e+00
   2.021276595745e+00
   2.122340425532e+00
   2.223404255319e+00
   2.324468085106e+00
   2.425531914894e+00
   2.526595744681e+00
   2.627659574468e+00
   2.728723404255e+00
   2.829787234043e+00
   2.930851063830e+00
   3.031914893617e+00
   3.132978723404e+00
   3.234042553191e+00
   3.335106382979e+00
   3.436170212766e+00
   3.537234042553e+00
   3.638297872340e+00
   3.739361702128e+00
   3.840425531915e+00
   3.941489361702e+00
   4.042553191489e+00
   4.143617021277e+00
   4.244680851064e+00
   4.345744680851e+00
   4.446808510638e+00
   4.547872340426e+00
   4.648936170213e+00
   4.750000000000e+00
   4.851063829787e+00
   4.952127659574e+00
   5.053191489362e+00
   5.154255319149e+00
   5.255319148936e+00
   5.356382978723e+00
   5.457446808511e+00
   5.558510638298e+00
   5.659574468085e+00
   5.760638297872e+00
   5.861702127660e+00
   5.962765957447e+00
   6.063829787234e+00
   6.164893617021e+00
   6.265957446809e+00
   6.367021276596e+00
   6.468085106383e+00
   6.569148936170e+00
   6.670212765957e+00
   6.771276595745e+00
   6.872340425532e+00
   6.973404255319e+00
   7.074468085106e+00
   7.175531914894e+00
   7.276595744681e+00
   7.377659574468e+00
   7.478723404255e+00
   7.579787234043e+00
   7.680851063830e+00
   7.781914893617e+00
   7.882978723404e+00
   7.984042553191e+00
   8.085106382979e+00
   8.186170212766e+00
   8.287234042553e+00
   8.388297872340e+00
   8.489361702128e+00
   8.590425531915e+00
   8.691489361702e+00
   8.792553191489e+00
   8.893617021277e+00
   8.994680851064e+00
   9.095744680851e+00
   9.196808510638e+00
   9.297872340426e+00
   9.398936170213e+00
   9.500000000000e+00
